[8000000.000000
8391075.926926
8653359.422512
8857241.338437
9028407.745288
9178422.114411
9313422.661763
9216607.735910
9303689.738005
9246116.641606
9194896.013011
9246249.214098
9218669.277624
9262597.628808
9242417.562671
9279843.106100
9263923.520298
9239516.688428
9265658.428029
9253602.314461
9278396.464967
9269657.889585
9292196.724326
9285295.194470
9270049.412920
9286073.331653
9279695.767276
9295863.263304
9291653.804909
9279934.142864
9291442.122056
9287384.845569
9299669.073384
9297438.714866
9309236.511074
9307930.560187
9299905.361277
9307641.668461
9305610.378025
9314448.677655
9313797.744491
9322426.833432
9322366.226972
9316383.878999
9321292.278483
9319894.070739
9325908.650863
9325312.828260
9330922.259426
9330084.267207
9334669.288704
9332782.871946
9335660.608103
9342252.305511
9340517.344372
9341632.347690
9345557.502161
9350869.578799
9356766.647369
9362880.642415
9369045.634892
9375185.541749
9381265.038662
9387267.822258
9393186.661509
9399018.712163
9404763.265320
9399084.074445
9394671.347900
9392476.712310
9391419.021220
9390837.280741
9390445.310670
9390129.558298
9389846.130087
9389578.182234
9389319.239163
9389066.779289
9388819.785776
9388577.814327
9388340.638997
9388108.117751
9387880.141451
9387656.614508
9387437.447518
9387222.554461
9387011.851616
9386805.257128
9386602.690828
9386404.074146
9386209.330055
9386018.383037
9385831.159047
9385647.585487
9385467.591174
9385291.106313
9385118.062471
9384948.392550
9384782.030760
9384618.912595
]