[0.000000
-2.607520
-2.613464
-2.614054
-2.614471
-2.614987
-2.615947
-2.617931
-2.621889
-2.629290
-2.642254
-2.663685
-2.697387
-2.748171
-2.821955
-2.925854
-3.068262
-3.258957
-3.509288
-3.832391
-4.243499
-4.760228
-5.402812
-6.194309
-7.161331
-8.335108
-9.752752
-11.457787
-13.500608
-15.943067
-18.861077
-22.346972
-26.503744
-31.446622
-37.291189
-44.166123
-52.292377
-61.914758
-73.347097
-86.803216
-102.603032
-120.849726
-141.976941
-167.734782
-198.156358
-234.861336
-276.039222
-325.027380
-377.408805
-441.836962
-507.138578
-595.314249
-676.603134
-738.362196
-848.874433
-934.959603
-988.440038
-1019.742011
-1038.461043
-1050.520894
-1059.147848
-1066.011557
-1071.956874
-1077.407089
-1082.573510
-1087.561647
-1092.424406
-1261.171932
-1353.157185
-1392.209623
-1407.476616
-1413.168517
-1415.153202
-1415.725559
-1415.765066
-1415.606104
-1415.375380
-1415.120815
-1414.860486
-1414.601173
-1414.345380
-1414.093993
-1413.847288
-1413.605310
-1413.368020
-1413.135346
-1412.907204
-1412.683509
-1412.464176
-1412.249120
-1412.038258
-1411.831507
-1411.628788
-1411.430022
-1411.235132
-1411.044043
-1410.856679
-1410.672969
-1410.492842
-1410.316227
]